BFS
Case	Level	Time	Memory	State	Step
	1	2,736	81	131	10
	2	x	x	x	x
	3	42,559	204	857	21
	4	40,043	167	763	33
	5	45,62	170	724	28
	6	9,047	93	293	19
	7	1578	3513	4937	26
	8	x	x	x	x
	9	81	264	1090	30
	10	x	x	x	x
	11
	12
	13
	14
	15
	16
	17
	18
	19
	20

				
A*	
Case	Level	Time	Memory	State	Step			
	1	0,654	79	47	10
	2	76,34	274	926	61
	3	11,456	102	378	25
	4	5,9	95,5	233	67
	5	8	95	260	57
	6	6,731	92	234	19
	7	1248	2936	4321	60
	8	x	x	x	x
	9	75	241	1013	42
	10	x	x	x	x
	11
	12
	13
	14
	15
	16
	17
	18
	19
	20
	
			
Best				
Case	Level	Time	Memory	State	Step				
	1	0,641	78,4	47	14
	2	77	249,2	923	61
	3	11,29	99,5	378	25
	4	5,9	96,5	233	67
	5	8,102	93,3	260	57
	6	6,776	95,5	234	19
	7	1273	2740	4321	60
	8				
	9				
	10
	11
	12
	13
	14
	15
	16
	17
	18
	19
	20				
